uuid: 50cc1556-86d4-34c6-b750-375aaf8b92c3
timestamps:
  login: 1410457228485
  logout: 1410457250898
ipAddress: 85.242.171.253
logoutlocation:
  world: world
  x: -306.05807040886987
  y: 68.01398707416705
  z: 240.97061423377917
  yaw: 292.35065
  pitch: 12.299961
