uuid: eecbb574-97e1-333d-af03-19e8b19caad0
timestamps:
  login: 1410458244851
  logout: 1410458268349
ipAddress: 127.0.0.1
lastlocation:
  world: World
  x: 33.5
  y: 70.0
  z: 237.5
  yaw: 0.0
  pitch: 0.0
logoutlocation:
  world: Creative
  x: -26.572943435266723
  y: 65.74895999119417
  z: -35.198322127699186
  yaw: -114.4498
  pitch: 35.100002
